16009.2,11566.3,1063.7,3379.2
16009.2,11566.3,1063.7,3379.2
16009.2,11566.3,1063.7,3379.2
16009.2,11566.3,1063.7,3379.2
16009.2,11566.3,1063.7,3379.2
16009.2,11566.3,1063.7,3379.2
16009.2,11564.3,1065.6,3379.3
16009.2,11564.3,1065.6,3379.3
16009.2,11564.3,1065.6,3379.3
16009.2,11564.3,1065.6,3379.3
16009.2,11564.3,1065.6,3379.3
16009.2,11564.3,1065.6,3379.3
16009.2,11567.1,1062.7,3379.4
16009.2,11567.1,1062.7,3379.4
16009.2,11567.1,1062.7,3379.4
16009.2,11567.1,1062.7,3379.4
16009.2,11567.1,1062.7,3379.4
16009.2,11567.1,1062.7,3379.4
16009.2,11569.4,1060.4,3379.5
16009.2,11569.4,1060.4,3379.5
16009.2,11569.4,1060.4,3379.5
16009.2,11569.4,1060.4,3379.5
16009.2,11569.4,1060.4,3379.5
16009.2,11569.4,1060.4,3379.5
16009.2,11567.5,1062.1,3379.5
16009.2,11567.5,1062.1,3379.5
16009.2,11567.5,1062.1,3379.5
16009.2,11567.5,1062.1,3379.5
16009.2,11567.5,1062.1,3379.5
16009.2,11567.5,1062.1,3379.5
16009.2,11566.8,1062.8,3379.6
16009.2,11566.8,1062.8,3379.6
16009.2,11566.8,1062.8,3379.6
16009.2,11566.8,1062.8,3379.6
16009.2,11566.8,1062.8,3379.6
16009.2,11566.8,1062.8,3379.6
16009.2,11564.6,1064.9,3379.7
16009.2,11564.6,1064.9,3379.7
16009.2,11564.6,1064.9,3379.7
16009.2,11564.6,1064.9,3379.7
16009.2,11564.6,1064.9,3379.7
16009.2,11564.6,1064.9,3379.7
16009.2,11564.3,1065.2,3379.8
16009.2,11564.3,1065.2,3379.8
16009.2,11564.3,1065.2,3379.8
16009.2,11564.3,1065.2,3379.8
16009.2,11564.3,1065.2,3379.8
16009.2,11564.3,1065.2,3379.8
16009.2,11564.3,1065.1,3379.9
16009.2,11564.3,1065.1,3379.9
16009.2,11564.3,1065.1,3379.9
16009.2,11564.3,1065.1,3379.9
16009.2,11564.3,1065.1,3379.9
16009.2,11563.5,1065.7,3380.0
16009.2,11563.5,1065.7,3380.0
16009.2,11563.5,1065.7,3380.0
16009.2,11563.5,1065.7,3380.0
16009.2,11563.5,1065.7,3380.0
16009.2,11563.5,1065.7,3380.0
16009.2,11562.3,1066.9,3380.0
16009.2,11562.3,1066.9,3380.0
16009.2,11562.3,1066.9,3380.0
16009.2,11562.3,1066.9,3380.0
16009.2,11562.3,1066.9,3380.0
16009.2,11562.3,1066.9,3380.0
16009.2,11560.2,1068.8,3380.1
16009.2,11560.2,1068.8,3380.1
